[296233792536035389557213880448586170063345555337953398793296490029073442466634162205114354470094732341621195769682965609554402322192109928448000000000, 827654467737801441761158523256485804998513659066571629742167818917171049275715755476518161958724573147007287534938814114956453645811449856000000000, 1052400806092611446856999986107551674838411537694207363060952614565025984710606528836048307584279942134725070972248818996170453521163878400000000, 763793342374511313548683084126276590480877067197867487762087595057578443359292576413772316156824792546895132331605931297209634835660800000000, 333465316180572734592876437380997330250702055108886926488399579295412452713595878190631688256806978486509892534968727830040957419520000000, 83096324073815813729499618640980212674032007733865837824599989224419802320521540547654133598412627098660933044355162408726036480000000, 9423433921961827366884128200734210777488332325797120635170209524669815515538674530293840287553811654764702184076491783929856000000, -58445632226624190723065966457582291299064189948895265969589342089454439934222817554542972354280176611295000440864768000000, 43203951842476649188512658985848422501925688782487178145438561912987269270445531160316431283824187759814545034444800000, -1333994695887123494025623210403394451657954688875341161411305026159753148321740825256927211339150822211584000000, 66038371389636004231369587520083148364539740101165644077777572243459301021108293222900690955770643087360000, -2481533882305278592261870540419792844750849925519481360968977524773931385961818606395476913684480000, 33663111899188794323808226024923504062210783322377352188346609279862470033599251565267386368000, -1338723343802070835313972860039462690216549639011113949310089805622030846415999074304000, 17759171349905941686176334035603125551349816994432727153155912033565332137574400, -78537118839697640686360635295247094568599407646025705619876347020902400, 550179703220539436649263620993525244825157515520, -1284733088879405339432160, 1]
[827654467737801441761158523256485804998513659066571629742167818917171049275715755476518161958724573147007287534938814114956453645811449856000000000, -6523316151987967352990249772199720467083443114284179660851390075404607936207753857924445492498921565070029607727835899543363465113929515008000000, -7790831230224553845619920039061874058191704974104843575635713889918310207541091386269200092033671215015256648528418717411188423721484288000000, 869569770820404595502434799477023156248028216798583360081120653277822291736126032358110641883287178871354461215393374088924051695206400000, 1171835447060344532055184048395200133268219629236898194994791361987466033052276486840595447183813867064400129251699577897599421644800000, -144873234429085925741483829349356900975029086453703681590916830024403059341448168846998847366413036575590255662503774698183065600000, -14909452552953104792430894970583748095372086537324623837203225211227441325092423342971946291264419786628422284074067154698240000, 42477547756236754968299057998722397556126001794563837782668750398043172507504111729677436980116821522150357122615869440000, 4282987326035162311763492912109406526514555078030019399888858366519670466454555668013180408530101854507880555741184000, -171067684408633123745141142128792140353700409175842608856864287645319110529812567914230582635182226881380352000, -8351957741908370905607982711695533848961184460442580992450108260566720476011917065780835418665845260288000, 406236880250779069980565732024565018642695060155064544557173157684077248391442925491303468121456640, -33718729945150631239335631584156855570035826752004057610032375636449847674679618635973918720, 38846788744751007259216078345273249726225855460030243116789173826448786579068342591488, 671075703103583835283293596089490934868903745013754334201004559046029815360000, 107872423480820496442526357004008446940661730234290623040333338172000, 469302962647359894587893032938594191194200480250, 1225667011364362067493600]
[1052400806092611446856999986107551674838411537694207363060952614565025984710606528836048307584279942134725070972248818996170453521163878400000000, -7790831230224553845619920039061874058191704974104843575635713889918310207541091386269200092033671215015256648528418717411188423721484288000000, 48132525672551364194446453112149335044105750285901881988767297329087812391392712473356242447257671803604810557368203650854160412952231936000, -29562988978988124366982032298830067782771985788614555834682084458930747937354038723730365039001202211785509729736190183365918008016896000, 4313337050456090798394637947210234420040890594551325420048945876911325036921534508045768494687185368523833037759187757614732253593600, -95693899176646361331181394802997794862884784049415906190672961341804584776735449488747041449559444492830167107602915457079705600, 9884271980066773491622268768337140382962623511406172071095066387066638910999349792474537686579164040736611924853689910558720, 36184043804696372105494307530969135679822854737401558445049616363997553768185223516946976283442484572372184269995376640, 8964610581296910646120370959085209745826105678425322549553032541489373019551394357545790924859939370081506440511488, 4859826565743883435626085758975016186317127931678190036098139345739974202093988277257906773147005043605504000, 75870230202188480728585881084105945223482951153910599779977329005540370220411222837645536364827156480000, -12402545306295341131717445085711254542695021248252748370804411062000523962681915511599164560097280, -119288262167531604234270279031893819791347931435554070404847726173059578900959416470069760, -55370203442016424740755430036423339983444979910826261199876752284195178351742749376, 1271614565647469344591256120046634068708272131773427519036401836370576399375, -52101963323896813441689147591872735048654423648543576293194312000, 16275274701180455873755040858721795562905276000, -68051488066250903929350]
[763793342374511313548683084126276590480877067197867487762087595057578443359292576413772316156824792546895132331605931297209634835660800000000, 869569770820404595502434799477023156248028216798583360081120653277822291736126032358110641883287178871354461215393374088924051695206400000, -29562988978988124366982032298830067782771985788614555834682084458930747937354038723730365039001202211785509729736190183365918008016896000, 21942588891600446229148419904150423440167387524131347574630518470322757563473397245204673966466259063385811782971369796057977508069376, -4257539415507894795016889234880726005419270325916093000059228578907578193686569096747725032341650427993524111004212513640284160000, 156817153400335760966516634241062442217943193536046286184258561020045536734017532303925953030594851361448996740825656328192000, 2088224610951586411419130303222655292829792064410166428862148748837405665586974762835176261435467451384582483166101504000, -135168308854103290354620428879652221342842298654033175158840483658351964938739953968904274172813061336052120367923200, -7095583361970188585504634194170795825992181003536489463138754035383861992504462522274227251366009481119334400000, 6467565353037487978766361926800309318122293211517663740697661255186386310865924616088451308977998028800000, -216566638208590720054279749498911209080041138776351468134348907102269970980393052180343542618593792000, 98509296052176431249057524137677209561382950914148552842202120442304771218718349955769693816000, 966355124525322001278887821679250762994474515068408101919925756703605386763382407941100, 20880250527757348682621354799064609895049336580774513170922911076305521081268000, 402451593701201122949468329412881746911175306947552248338694925994372000, 10631771703116407008868434019553458723000640829070571828796900, 102106552612577225060440889525267958354567300, 1018904531858621598720]
[333465316180572734592876437380997330250702055108886926488399579295412452713595878190631688256806978486509892534968727830040957419520000000, 1171835447060344532055184048395200133268219629236898194994791361987466033052276486840595447183813867064400129251699577897599421644800000, 4313337050456090798394637947210234420040890594551325420048945876911325036921534508045768494687185368523833037759187757614732253593600, -4257539415507894795016889234880726005419270325916093000059228578907578193686569096747725032341650427993524111004212513640284160000, 1253874239803132476415572633249084248710571426196933708644278178687163481733608589985256961276073376504035793024144071720960000, -113328854481402929859901493887185496830892002557261172571874206420802224302360369844649524438664979465848736295394476032000, 8301100023185220502796521078241747521496053798552252914539222634816978553435821706403114899836689158548766581497856000, -230553799746049249143912843224869154425110713210044686757776198509023237787102438635427667597572003039005938892800, -472471324977936820767501559681931326913359319379232461933529404179983338737373151243854108643971961791840000, -13895323261561762585705960803892956584158779865855986238634765448654903628827894253073365749015892860000, 280769501610506375838999289853938810843739383155143170592114154197483013478393874410639627336028175, -298633094716116586463537389109221550902770871997298291915595188688243964413051926413297942400, -506973491949154113806195135138434127080573988026597196865293192367796410340614779040, -2505117699477248238289877548288716482530561519415027410649174579753355740250, 25988008762272337440682361101279266524316753620531860763489804979000, -881569761105032752723255726263025074065948002372395007200, 170545138276656047178245215593633388173975, -6374905736966075360]
[83096324073815813729499618640980212674032007733865837824599989224419802320521540547654133598412627098660933044355162408726036480000000, -144873234429085925741483829349356900975029086453703681590916830024403059341448168846998847366413036575590255662503774698183065600000, -95693899176646361331181394802997794862884784049415906190672961341804584776735449488747041449559444492830167107602915457079705600, 156817153400335760966516634241062442217943193536046286184258561020045536734017532303925953030594851361448996740825656328192000, -113328854481402929859901493887185496830892002557261172571874206420802224302360369844649524438664979465848736295394476032000, -1696664490389689128589448807767619331680602280694637692182892489756558643655998427762105401689772687945443857995161600, 741222977109988137890976017704058047572897167993562771990325230425151504192193061118311181478858555703376769420800, 33256772668931843624672314246079698572432505508931866340941199164936108159140272626590902209750425437529755360, 321322768840680116988036704527076266022288799959563038607769723067374460329530720044773094718065892256250, 3934450849761610271550154118572811067421784739644687434958108799246662816093352577010614810587060000, -184595737018145129996972053262806721914020041913287596838300817936939553456484878171085132412000, 438471630145559262380013002759627797475180665709577990893940201908134440431232281128611000, -2498396837415289453095080431020154155100768671768470084777144141215608325308723900, 755979636276443547184200610629883674505758841848198200706114525563407200, 315350904624495238674279650211441251455371520733719827140837550, 25018674231939771006149083965288673104787612039448760, 85320591499518960916296053384292087295, 20302880596711488]
[9423433921961827366884128200734210777488332325797120635170209524669815515538674530293840287553811654764702184076491783929856000000, -14909452552953104792430894970583748095372086537324623837203225211227441325092423342971946291264419786628422284074067154698240000, 9884271980066773491622268768337140382962623511406172071095066387066638910999349792474537686579164040736611924853689910558720, 2088224610951586411419130303222655292829792064410166428862148748837405665586974762835176261435467451384582483166101504000, 8301100023185220502796521078241747521496053798552252914539222634816978553435821706403114899836689158548766581497856000, 741222977109988137890976017704058047572897167993562771990325230425151504192193061118311181478858555703376769420800, -194049789460567801039368948785859037288988112868916425435520923376758269531386816638269341157104000263173323775, 24225190870512999024274428353079104645474633182620942468590902344251646151773240641907549258673423835056320, 234205516905507263471350415403901215662977798331992064271239302597292432380196868250729334705315784000, -1724205144189213195944886442386649650759606626142941552369372727571340608117793196746521558940250, 65994164559029697470590065687305939200653205160407876521572709520708559986971226330552821120, -339730450034897358529283185180959818765000424289897514646346079021884862144855451989760, 2280437134592924924326844748497801001647083918470880722210912562252190980860129, -351885971849659752901164348827318003093164924432536305078352241350000, 532915469918365135294624986592078889740960737995014860000, -177630178316972726315006278992523111322663662500, 12325242530586312022749479312508000, -36296842633500]
[-58445632226624190723065966457582291299064189948895265969589342089454439934222817554542972354280176611295000440864768000000, 42477547756236754968299057998722397556126001794563837782668750398043172507504111729677436980116821522150357122615869440000, 36184043804696372105494307530969135679822854737401558445049616363997553768185223516946976283442484572372184269995376640, -135168308854103290354620428879652221342842298654033175158840483658351964938739953968904274172813061336052120367923200, -230553799746049249143912843224869154425110713210044686757776198509023237787102438635427667597572003039005938892800, 33256772668931843624672314246079698572432505508931866340941199164936108159140272626590902209750425437529755360, 24225190870512999024274428353079104645474633182620942468590902344251646151773240641907549258673423835056320, 487190198926244553338927046244935136647300581626248752224434962437635466620262020724338316030151236644, 42339346496367308717689368315200030847115880781001777268531097808223344041986584748251291641852000, 1443964831631648390518307817663811269179350735892488598809432192940905251423302661482652048000, -15200164747398377785292448875904288049679451311437685145323669746036692092780761938964140, 138046326335527497755110602870392269871211886168339002974941769900157935506818255720, 107875210743093667110928764618130496042799034104625034637148980069135940512, 95714921161068906689094593361479839207396754346174239173060125000, 68443471939033850441503643806370197047508077477500, 186068777296853217534726747985316666088750, 416535857042772589393399872000, 37916096000]
[43203951842476649188512658985848422501925688782487178145438561912987269270445531160316431283824187759814545034444800000, 4282987326035162311763492912109406526514555078030019399888858366519670466454555668013180408530101854507880555741184000, 8964610581296910646120370959085209745826105678425322549553032541489373019551394357545790924859939370081506440511488, -7095583361970188585504634194170795825992181003536489463138754035383861992504462522274227251366009481119334400000, -472471324977936820767501559681931326913359319379232461933529404179983338737373151243854108643971961791840000, 321322768840680116988036704527076266022288799959563038607769723067374460329530720044773094718065892256250, 234205516905507263471350415403901215662977798331992064271239302597292432380196868250729334705315784000, 42339346496367308717689368315200030847115880781001777268531097808223344041986584748251291641852000, 7821778345339807499177998717387387398334850640617611055530870045348403389861230866983071590625, -275904980346709678373073519964994577592477324658956765464081815926418464787198030695860000, 3652982577037250989084769005220627989900036029813789860148379834572716310292054980000, -26373218550398865150040410231963283281380050165993453545723362938320018418579500, -307210283991348349604262707444088944734632342043075991822391436960695000, -14025430077547643295347566695000869660320236785970161761730500, 169118231595772286504269796475353207833859175, -10937504715008333446103756071908000, 1892988649834879674696440, -22940280]
[-1333994695887123494025623210403394451657954688875341161411305026159753148321740825256927211339150822211584000000, -171067684408633123745141142128792140353700409175842608856864287645319110529812567914230582635182226881380352000, 4859826565743883435626085758975016186317127931678190036098139345739974202093988277257906773147005043605504000, 6467565353037487978766361926800309318122293211517663740697661255186386310865924616088451308977998028800000, -13895323261561762585705960803892956584158779865855986238634765448654903628827894253073365749015892860000, 3934450849761610271550154118572811067421784739644687434958108799246662816093352577010614810587060000, -1724205144189213195944886442386649650759606626142941552369372727571340608117793196746521558940250, 1443964831631648390518307817663811269179350735892488598809432192940905251423302661482652048000, -275904980346709678373073519964994577592477324658956765464081815926418464787198030695860000, 7029941249135179035234596261819832870672120178974822060026528298842053368028107619600, -612429472662527731939346050518507342307529762266380859280327154076706482821862500, 1677960708086398976147013183083867409303800881623350197428733723243859059920, -24817327073300363870753414555518428460101593435248546329627985441890, 975447990984434415337406712968972089762835789580073464000, 91600520204007856111921738145835154680225, 1892143014699318476144000, 225673933001834880, 7440]
[66038371389636004231369587520083148364539740101165644077777572243459301021108293222900690955770643087360000, -8351957741908370905607982711695533848961184460442580992450108260566720476011917065780835418665845260288000, 75870230202188480728585881084105945223482951153910599779977329005540370220411222837645536364827156480000, -216566638208590720054279749498911209080041138776351468134348907102269970980393052180343542618593792000, 280769501610506375838999289853938810843739383155143170592114154197483013478393874410639627336028175, -184595737018145129996972053262806721914020041913287596838300817936939553456484878171085132412000, 65994164559029697470590065687305939200653205160407876521572709520708559986971226330552821120, -15200164747398377785292448875904288049679451311437685145323669746036692092780761938964140, 3652982577037250989084769005220627989900036029813789860148379834572716310292054980000, -612429472662527731939346050518507342307529762266380859280327154076706482821862500, -17700023055680554789123122163568574691582257412274068758565895141760471705375, -17316625533757663671277005051984860654427730591709403009461949354720000, -313368809484970693510950049341928831693600169169974585066227800, -25680305305369097038431432515576958347031888883534350, -41362479010260922869911302498383263840, -376253833506803100, 12648, -1]
[-2481533882305278592261870540419792844750849925519481360968977524773931385961818606395476913684480000, 406236880250779069980565732024565018642695060155064544557173157684077248391442925491303468121456640, -12402545306295341131717445085711254542695021248252748370804411062000523962681915511599164560097280, 98509296052176431249057524137677209561382950914148552842202120442304771218718349955769693816000, -298633094716116586463537389109221550902770871997298291915595188688243964413051926413297942400, 438471630145559262380013002759627797475180665709577990893940201908134440431232281128611000, -339730450034897358529283185180959818765000424289897514646346079021884862144855451989760, 138046326335527497755110602870392269871211886168339002974941769900157935506818255720, -26373218550398865150040410231963283281380050165993453545723362938320018418579500, 1677960708086398976147013183083867409303800881623350197428733723243859059920, -17316625533757663671277005051984860654427730591709403009461949354720000, 15209440481529315208420168777550681506763631006195448116134445684, -532659773119264456759075930082617004621635192114116631428, 178322403928401461180800176356940043923458375500, -10784343562362149498980609571154000, 297083661955650]
[33663111899188794323808226024923504062210783322377352188346609279862470033599251565267386368000, -33718729945150631239335631584156855570035826752004057610032375636449847674679618635973918720, -119288262167531604234270279031893819791347931435554070404847726173059578900959416470069760, 966355124525322001278887821679250762994474515068408101919925756703605386763382407941100, -506973491949154113806195135138434127080573988026597196865293192367796410340614779040, -2498396837415289453095080431020154155100768671768470084777144141215608325308723900, 2280437134592924924326844748497801001647083918470880722210912562252190980860129, 107875210743093667110928764618130496042799034104625034637148980069135940512, -307210283991348349604262707444088944734632342043075991822391436960695000, -24817327073300363870753414555518428460101593435248546329627985441890, -313368809484970693510950049341928831693600169169974585066227800, -532659773119264456759075930082617004621635192114116631428, -68685598499577281155933518768416776753663215889999, -186109465432330259706022456040780396007375, -409494966293915703519368136000, -159141482400]
[-1338723343802070835313972860039462690216549639011113949310089805622030846415999074304000, 38846788744751007259216078345273249726225855460030243116789173826448786579068342591488, -55370203442016424740755430036423339983444979910826261199876752284195178351742749376, 20880250527757348682621354799064609895049336580774513170922911076305521081268000, -2505117699477248238289877548288716482530561519415027410649174579753355740250, 755979636276443547184200610629883674505758841848198200706114525563407200, -351885971849659752901164348827318003093164924432536305078352241350000, 95714921161068906689094593361479839207396754346174239173060125000, -14025430077547643295347566695000869660320236785970161761730500, 975447990984434415337406712968972089762835789580073464000, -25680305305369097038431432515576958347031888883534350, 178322403928401461180800176356940043923458375500, -186109465432330259706022456040780396007375, 10937508936835874563375641113120400, -1892149142804088319218200, 55168020]
[17759171349905941686176334035603125551349816994432727153155912033565332137574400, 671075703103583835283293596089490934868903745013754334201004559046029815360000, 1271614565647469344591256120046634068708272131773427519036401836370576399375, 402451593701201122949468329412881746911175306947552248338694925994372000, 25988008762272337440682361101279266524316753620531860763489804979000, 315350904624495238674279650211441251455371520733719827140837550, 532915469918365135294624986592078889740960737995014860000, 68443471939033850441503643806370197047508077477500, 169118231595772286504269796475353207833859175, 91600520204007856111921738145835154680225, -41362479010260922869911302498383263840, -10784343562362149498980609571154000, -409494966293915703519368136000, -1892149142804088319218200, -225673932971390400, -11160]
[-78537118839697640686360635295247094568599407646025705619876347020902400, 107872423480820496442526357004008446940661730234290623040333338172000, -52101963323896813441689147591872735048654423648543576293194312000, 10631771703116407008868434019553458723000640829070571828796900, -881569761105032752723255726263025074065948002372395007200, 25018674231939771006149083965288673104787612039448760, -177630178316972726315006278992523111322663662500, 186068777296853217534726747985316666088750, -10937504715008333446103756071908000, 1892143014699318476144000, -376253833506803100, 297083661955650, -159141482400, 55168020, -11160, 1]
[550179703220539436649263620993525244825157515520, 469302962647359894587893032938594191194200480250, 16275274701180455873755040858721795562905276000, 102106552612577225060440889525267958354567300, 170545138276656047178245215593633388173975, 85320591499518960916296053384292087295, 12325242530586312022749479312508000, 416535857042772589393399872000, 1892988649834879674696440, 225673933001834880, 12648]
[-1284733088879405339432160, 1225667011364362067493600, -68051488066250903929350, 1018904531858621598720, -6374905736966075360, 20302880596711488, -36296842633500, 37916096000, -22940280, 7440, -1]
[1]
