[1046287792331595219061944529269663931895808000000000000000000000000000000000000, -432420017318544783650797667042382494638080000000000000000000000000000000000, 318636568755712104910451376876091087570944000000000000000000000000000000, -78784000458724875494046297768822126766080000000000000000000000000000, 27585029025617312796714850374073234296576000000000000000000000000, -3804977492718423485876516049782566118400000000000000000000000, 701371454716940040404797974285085155072000000000000000000, -32762871963764067359259426421974769920000000000000000, 573241901257818560012803903569301488000000000000, -3443855973739579167786917857326240000000000, 68414985806696954849736000000, -453039686280000, 1]
[-432420017318544783650797667042382494638080000000000000000000000000000000000, -6166313335188319461501393705017646071159040000000000000000000000000000000, 3400224272680267350859802844946934688670080000000000000000000000000000, 1666369785986657289314749499939350832551680000000000000000000000000, -707510881189413296215915032287874628007040000000000000000000000, 42708709924450154900550352695860583976224000000000000000000, -1562519533763357349996605949462215928240000000000000000, 148400254142484032816933796581934970800000000000000, 4651317448787336490589663311012905400000000000, 2838124059058709451007396242822399000000, 12090387178191164120132197500, 96687754014528]
[318636568755712104910451376876091087570944000000000000000000000000000000, 3400224272680267350859802844946934688670080000000000000000000000000000, 163526738403207225411310628914385850045702000000000000000000000000, -4374177763874249224643552696807599594951350000000000000000000000, 2433710941276863401289448399264356621603994500000000000000000, -236629837042569118482565349999489391710685000000000000000, -3239608297583257815220116582730664028528375000000000, -83745955158282283520179500895879935069375000000, 1450703432085435358105137905506419833343750, -591188558932690854867280753536880000, 71613201503725451570700216, -1304194222980]
[-78784000458724875494046297768822126766080000000000000000000000000000, 1666369785986657289314749499939350832551680000000000000000000000000, -4374177763874249224643552696807599594951350000000000000000000000, 5932245266109295838583345085860525746879343437500000000000000, -2956712171206167789355673623428045144259717968750000000000, 445864348316739430233101094961910440649985703125000000, 8272406802775616537970438525337767824028398437500, 11740867875542844748730860307041376754000000, 32110949830720236975102577813380675000, 26190183002406119746443553783680, 53263835122054576937535, 4850017536]
[27585029025617312796714850374073234296576000000000000000000000000, -707510881189413296215915032287874628007040000000000000000000000, 2433710941276863401289448399264356621603994500000000000000000, -2956712171206167789355673623428045144259717968750000000000, 1605947077319969660296362470445556806553468918212890625, -311134535843611379111123673185810178326032500000000, -1453926877471849806893399302837075197204000000, -4186372454180757144088509621864812895000, 26704053247732785202072793022720, -113647757443645217294685600, 5150977218933696774, -7121736]
[-3804977492718423485876516049782566118400000000000000000000000, 42708709924450154900550352695860583976224000000000000000000, -236629837042569118482565349999489391710685000000000000000, 445864348316739430233101094961910440649985703125000000, -311134535843611379111123673185810178326032500000000, 73916801901950644351881363035981206178174250000, -1378093317482377164236089492985350340880000, 649766707718044227111671819822651808, 41795518395289086441977640, 5056092038186441316, 25512103267200, 4464]
[701371454716940040404797974285085155072000000000000000000, -1562519533763357349996605949462215928240000000000000000, -3239608297583257815220116582730664028528375000000000, 8272406802775616537970438525337767824028398437500, -1453926877471849806893399302837075197204000000, -1378093317482377164236089492985350340880000, -32090945684614270846121407306015752156, -26443912396475901348534204684720, -41794150835034123580656, -25587161604, 8184, -1]
[-32762871963764067359259426421974769920000000000000000, 148400254142484032816933796581934970800000000000000, -83745955158282283520179500895879935069375000000, 11740867875542844748730860307041376754000000, -4186372454180757144088509621864812895000, 649766707718044227111671819822651808, -26443912396475901348534204684720, 113651462665302479047132560, -5094034186182686310, 18155340]
[573241901257818560012803903569301488000000000000, 4651317448787336490589663311012905400000000000, 1450703432085435358105137905506419833343750, 32110949830720236975102577813380675000, 26704053247732785202072793022720, 41795518395289086441977640, -41794150835034123580656, -5094034186182686310, -25512094964159, -6696]
[-3443855973739579167786917857326240000000000, 2838124059058709451007396242822399000000, -591188558932690854867280753536880000, 26190183002406119746443553783680, -113647757443645217294685600, 5056092038186441316, -25587161604, 18155340, -6696, 1]
[68414985806696954849736000000, 12090387178191164120132197500, 71613201503725451570700216, 53263835122054576937535, 5150977218933696774, 25512103267200, 8184]
[-453039686280000, 96687754014528, -1304194222980, 4850017536, -7121736, 4464, -1]
[1]
