[0, 0, 1464765079488386840337633731737402825128271675392000000000000000000, 13483958224762213714698012883865296529472356352000000000000000, 41375720005635744770247248526572116368162816000000000000, 42320664241971721884753245384947305283584000000000, 3643255017844740441130401792000000, 104545516658688000, 1]
[0, 1221349308261453750252370983314569119494710493184000000000000000000, -838538082798149465723818021032241603179964268544000000000000000, -129686683986501811181602978946723823397619367936000000000000, 553293497305121712634517214392820316998991872000000000, -40689839325168186578698294668599003971584000000, 1038063543615451121419229773824000, -34993297342013192]
[1464765079488386840337633731737402825128271675392000000000000000000, -838538082798149465723818021032241603179964268544000000000000000, -46666007311089950798495647194817495401448341504000000000000, 72269669689202948469186346100000679630099972096000000000, 308718989330868920558541707287296140145328128000000, 11269804827778129625111322263056523132928000, 10685207605419433304631062899228, 720168419610864]
[13483958224762213714698012883865296529472356352000000000000000, -129686683986501811181602978946723823397619367936000000000000, 72269669689202948469186346100000679630099972096000000000, -5397554444336630396660447092290576395211374592000000, 17972351380696034759035751584170427941396480000, -901645312135695263877115693740562092344, 16125487429368412743622133040, -4079701128594]
[41375720005635744770247248526572116368162816000000000000, 553293497305121712634517214392820316998991872000000000, 308718989330868920558541707287296140145328128000000, 17972351380696034759035751584170427941396480000, 88037255060655710247136461896264828390470, 14066810691825882583305340438456800, 4460942463213898353207432, 9437674400]
[42320664241971721884753245384947305283584000000000, -40689839325168186578698294668599003971584000000, 11269804827778129625111322263056523132928000, -901645312135695263877115693740562092344, 14066810691825882583305340438456800, -18300817137706889881369818348, 177089350028475373552, -10246068]
[3643255017844740441130401792000000, 1038063543615451121419229773824000, 10685207605419433304631062899228, 16125487429368412743622133040, 4460942463213898353207432, 177089350028475373552, 312598931380281, 5208]
[104545516658688000, -34993297342013192, 720168419610864, -4079701128594, 9437674400, -10246068, 5208, -1]
[1]
